0 5 0
-1 5 0
-2 5 0
-3 5 0
-4 5 0
-5 5 0
1 5 0
2 5 0
3 5 0
4 5 0
5 5 0
6 5 0
-5 5 1
-5 5 2
-5 5 3
-5 5 4
-5 5 5
-5 5 6
-5 5 7
-5 5 8
-5 5 9
-5 5 10
-4 5 10
-3 5 10
-2 5 10
-1 5 10
0 5 10
1 5 10
2 5 10
3 5 10
4 5 10
5 5 10
6 5 10
6 5 1
6 5 2
6 5 3
6 5 4
6 5 5
6 5 6
6 5 7
6 5 8
6 5 9
6 5 10
0 -5 0
-1 -5 0
-2 -5 0
-3 -5 0
-4 -5 0
-5 -5 0
1 -5 0
2 -5 0
3 -5 0
4 -5 0
5 -5 0
6 -5 0
-5 -5 1
-5 -5 2
-5 -5 3
-5 -5 4
-5 -5 5
-5 -5 6
-5 -5 7
-5 -5 8
-5 -5 9
-5 -5 10
-4 -5 10
-3 -5 10
-2 -5 10
-1 -5 10
0 -5 10
1 -5 10
2 -5 10
3 -5 10
4 -5 10
5 -5 10
6 -5 1
6 -5 2
6 -5 3
6 -5 4
6 -5 5
6 -5 6
6 -5 7
6 -5 8
6 -5 9
6 -5 10
6 -4 10
6 -3 10
6 -2 10
6 -1 10
6 0 10
6 1 10
6 2 10
6 3 10
6 4 10
6 5 10
-5 -4 10
-5 -3 10
-5 -2 10
-5 -1 10
-5 0 10
-5 1 10
-5 2 10
-5 3 10
-5 4 10
-5 5 10
-5 5 10
6 -4 0
6 -3 0
6 -2 0
6 -1 0
6 0 0
6 1 0
6 2 0
6 3 0
6 4 0
6 5 0
-5 -4 0
-5 -3 0
-5 -2 0
-5 -1 0
-5 0 0
-5 1 0
-5 2 0
-5 3 0
-5 4 0
-5 5 0
-5 5 0





